23
25
89
91
265
348
573
734
770
809
868
1407
2972
3711
3768
4146
5753
5861
6676
38854
55504
76824
92088
382365
412532
428612
537641
728696
823519
1547415
2331887
4517701
6401912
8627021
9869071
46217939
57709528
3421540
34820569
43349222
97302705
51112915
35501785
18218515
15783109
13949141
8064878
26356441
56830980
90524610
41213499
88113259
31354508
16343227
54051921
09575083
72270501
42400436
43279751
11234079
19598846
47093627
44760362
17726295
85091208
11028823
96338075
131754197
71137551
00122793
61271183
25058020
6394729
28158324
8835380
74995853
24171408576
2937933771
44447613021
24162947
40405582
339189952
1771815641
863560468
94441122
1348427
2179819609
27867629402
974843823
594222905
906902827
23106372
8305059891114
8156130296
671
68554430
58
89997
58
16
1455